1 34 0.25 0.025
2 34 0.5 0.025
3 34 1.5 0.025
4 34 2 0.025
5 34 2.5 0.025
1 34 0.25 0.05
2 34 0.5 0.05
3 34 1.5 0.05
4 34 2 0.05
5 34 2.5 0.05
1 34 0.25 0.075
2 34 0.5 0.075
3 34 1.5 0.075
4 34 2 0.075
5 34 2.5 0.075
1 34 0.25 0.15
2 34 0.5 0.15
3 34 1.5 0.15
4 34 2 0.15
5 34 2.5 0.15
1 34 0.25 0.2
2 34 0.5 0.2
3 34 1.5 0.2
4 34 2 0.2
5 34 2.5 0.2
1 18 0.25 0.025
2 18 0.5 0.025
3 18 1.5 0.025
4 18 2 0.025
5 18 2.5 0.025
1 18 0.25 0.05
2 18 0.5 0.05
3 18 1.5 0.05
4 18 2 0.05
5 18 2.5 0.05
1 18 0.25 0.075
2 18 0.5 0.075
3 18 1.5 0.075
4 18 2 0.075
5 18 2.5 0.075
1 18 0.25 0.15
2 18 0.5 0.15
3 18 1.5 0.15
4 18 2 0.15
5 18 2.5 0.15
1 18 0.25 0.2
2 18 0.5 0.2
3 18 1.5 0.2
4 18 2 0.2
5 18 2.5 0.2
0 34 1 0.025
0 34 1 0.05
0 34 1 0.075
0 34 1 0.15
0 34 1 0.2
0 18 1 0.025
0 18 1 0.05
0 18 1 0.075
0 18 1 0.15
0 18 1 0.2